%YAML:1.0
---
leftCamMatrix: !!opencv-matrix
   rows: 3
   cols: 3
   dt: d
   data: [ 3.5438678278158699e+02, 0., 1.5812084858500495e+02, 0.,
       3.5471664444233392e+02, 1.3048639612014094e+02, 0., 0., 1. ]
leftDistCoeffs: !!opencv-matrix
   rows: 1
   cols: 5
   dt: d
   data: [ 4.5968660960741936e-01, -3.6623872435246807e+00,
       5.9545854042285620e-04, 4.8824295800551417e-03,
       1.0289855961497562e+01 ]
rightCamMatrix: !!opencv-matrix
   rows: 3
   cols: 3
   dt: d
   data: [ 3.5021581893040081e+02, 0., 1.5630648436422607e+02, 0.,
       3.5008403021625247e+02, 1.3022939732863560e+02, 0., 0., 1. ]
rightDistCoeffs: !!opencv-matrix
   rows: 1
   cols: 5
   dt: d
   data: [ 4.3138687812539755e-01, -3.0614832597572725e+00,
       -6.5305961658481846e-04, 2.8521703072408324e-03,
       8.6905771447927709e+00 ]
CameraIntrinsicError: 5.1109573682527644e-02
...
---
R: !!opencv-matrix
   rows: 3
   cols: 3
   dt: d
   data: [ 9.9999006617342145e-01, -6.5385272373045384e-04,
       -4.4090850628913658e-03, 6.7122931544268073e-04,
       9.9999200989708537e-01, 3.9407604841617287e-03,
       4.4064731568718134e-03, -3.9436808444789874e-03,
       9.9998251503499536e-01 ]
T: !!opencv-matrix
   rows: 3
   cols: 1
   dt: d
   data: [ -4.1872285127747674e+01, -4.0089335901340728e-01,
       -6.2749176730979608e+00 ]
E: !!opencv-matrix
   rows: 3
   cols: 3
   dt: d
   data: [ 2.4453828689119691e-03, 6.2764485313205922e+00,
       -3.7615840179954180e-01, -6.0903462387216987e+00,
       -1.6102805676112145e-01, 4.1899219638090877e+01,
       3.7278347132598355e-01, -4.1872212689094951e+01,
       -1.6677621953401922e-01 ]
F: !!opencv-matrix
   rows: 3
   cols: 3
   dt: d
   data: [ -5.6248734212153891e-08, -1.4423671037149921e-04,
       2.1896119289550472e-02, 1.4014297428485817e-04,
       3.7019184540214125e-06, -3.6431725708344831e-01,
       -2.1244963528367786e-02, 3.5905807319109084e-01, 1. ]
Q: !!opencv-matrix
   rows: 4
   cols: 4
   dt: d
   data: [ 1., 0., 0., -9.7030634880065918e+01, 0., 1., 0.,
       -1.2863185882568359e+02, 0., 0., 0., 4.0161687335273291e+02, 0.,
       0., 2.3617353143371701e-02, 0. ]
StereoRectifyQuanlity: 1.7735283804275395e-01
